cam0:
  T_cam_imu:
  - [0.9989902479081895, -0.019625492607285713, 0.040414411096269504, 0.37246387340767567]
  - [-0.01826278947159721, -0.9992612088235443, -0.03381578124527055, 0.3180904664267883]
  - [0.04104820465078851, 0.03304355580795213, -0.9986106189674314, -0.1266264910743492]
  - [0.0, 0.0, 0.0, 1.0]
  cam_overlaps: []
  camera_model: pinhole
  distortion_coeffs: [0.18996655992007142, -0.6226469178002866, 0.000330750135750108, 0.00011827714986375566]
  distortion_model: radtan
  intrinsics: [699.241724071377, 698.0933873409437, 283.94506695927265, 479.65272423297426]
  resolution: [540, 960]
  rostopic: /cam0/image_raw
  timeshift_cam_imu: -0.05913663821063363
